% time     seconds  usecs/call     calls    errors syscall
------ ----------- ----------- --------- --------- ----------------
 37.02    2.521986           6    404031      8856 statx
 25.02    1.704626           5    334277    334277 lgetxattr
 20.84    1.419538           4    299255           listxattr
  6.14    0.418420           6     69533           getdents64
  3.34    0.227391           6     34808        41 openat
  2.60    0.176827           5     35022           readlink
  2.44    0.166057           4     34770           fstat
  2.31    0.157496           4     34773           close
  0.26    0.018007           2      6050           write
  0.01    0.000489          17        28           brk
  0.01    0.000427         106         4           mremap
  0.00    0.000292           8        33           mmap
  0.00    0.000286         286         1           execve
  0.00    0.000139           6        23           read
  0.00    0.000090           6        13           newfstatat
  0.00    0.000056          11         5           mprotect
  0.00    0.000046           3        13           lseek
  0.00    0.000046          11         4         4 connect
  0.00    0.000039           9         4           socket
  0.00    0.000022          11         2         2 statfs
  0.00    0.000014          14         1           munmap
  0.00    0.000013           6         2         2 access
  0.00    0.000010           3         3         3 ioctl
  0.00    0.000008           4         2           pread64
  0.00    0.000005           5         1           futex
  0.00    0.000005           5         1           prlimit64
  0.00    0.000005           5         1           getrandom
  0.00    0.000004           4         1           arch_prctl
  0.00    0.000004           4         1           set_tid_address
  0.00    0.000004           4         1           rseq
  0.00    0.000003           3         1           set_robust_list
------ ----------- ----------- --------- --------- ----------------
100.00    6.812355           5   1252664    343185 total