% time     seconds  usecs/call     calls    errors syscall
------ ----------- ----------- --------- --------- ----------------
 40.49    2.311998           6    360443      8856 statx
 34.51    1.970267           6    325712           newfstatat
  7.73    0.441575           6     69533           getdents64
  4.08    0.233167           6     34750           openat
  3.02    0.172318           4     34752           fstat
  2.88    0.164472           8     19486           brk
  2.86    0.163216           4     34754           close
  2.34    0.133663           5     26166           readlink
  2.00    0.114002           4     26166     26166 getxattr
  0.07    0.004046           3      1328           write
  0.02    0.000974          46        21           munmap
  0.00    0.000116           3        32           mmap
  0.00    0.000081           4        19           read
  0.00    0.000053           3        14           lseek
  0.00    0.000039           9         4           socket
  0.00    0.000039           9         4         4 connect
  0.00    0.000000           0         4           mprotect
  0.00    0.000000           0         1         1 ioctl
  0.00    0.000000           0         2           pread64
  0.00    0.000000           0         1         1 access
  0.00    0.000000           0         1           execve
  0.00    0.000000           0         1           arch_prctl
  0.00    0.000000           0         1           set_tid_address
  0.00    0.000000           0         1           set_robust_list
  0.00    0.000000           0         1           prlimit64
  0.00    0.000000           0         1           getrandom
  0.00    0.000000           0         1           rseq
------ ----------- ----------- --------- --------- ----------------
100.00    5.710026           6    933199     35028 total